Nov. 3, 2013	2039702
Nov. 4, 2013	620679
Nov. 15, 2013	1280000
Nov. 1, 2013	2431599
Oct. 31, 2013	1175542
Nov. 7, 2013	636437
Oct. 20, 2013	3951792
Nov. 9, 2013	2541934
Oct. 23, 2013	1375966
Oct. 27, 2013	2839171
Oct. 18, 2013	5082902
Nov. 6, 2013	646378
Nov. 10, 2013	1583326
Nov. 2, 2013	3936424
Oct. 21, 2013	1346889
Nov. 13, 2013	435734
Oct. 11, 2013	8488587
Oct. 16, 2013	2088516
Nov. 12, 2013	513930
Oct. 28, 2013	896782
Oct. 13, 2013	6779444
Nov. 14, 2013	423951
Nov. 11, 2013	849799
Oct. 26, 2013	5178818
Oct. 15, 2013	2628046
Oct. 25, 2013	3624051
Oct. 29, 2013	1188072
Oct. 12, 2013	10450283
Oct. 24, 2013	1329508
Oct. 17, 2013	2012206
Oct. 30, 2013	874028
Oct. 22, 2013	1778352
Oct. 14, 2013	3583153
Oct. 19, 2013	7378399
Nov. 5, 2013	820290
Nov. 8, 2013	1586768
